50 100
1 24
1 5
1 2
1 34
1 26
2 46
2 47
2 23
2 34
2 12
3 46
3 35
3 18
4 21
5 50
5 48
5 31
5 23
5 8
5 35
5 49
5 36
6 40
6 45
6 29
7 21
7 45
8 31
8 34
8 26
9 11
9 22
10 45
10 43
10 46
12 31
12 34
12 30
13 33
13 31
13 20
13 39
13 18
13 45
14 43
14 36
14 20
14 40
14 39
15 28
15 32
15 25
15 18
16 32
16 34
16 17
16 44
16 50
17 22
17 28
17 49
17 21
17 30
18 40
19 44
19 26
19 31
20 27
20 30
20 36
21 37
21 30
22 36
22 30
23 24
23 49
24 47
26 46
26 31
26 30
27 29
28 44
28 29
28 36
29 35
30 39
30 46
30 40
31 46
33 37
33 36
34 43
35 50
35 45
36 39
38 41
38 44
38 43
41 45
43 50
1 blue
2 yellow
3 yellow
4 red
5 yellow
6 blue
7 red
8 blue
9 red
10 red
11 blue
12 blue
13 blue
14 blue
15 yellow
16 blue
17 yellow
18 red
19 blue
20 yellow
21 blue
22 blue
23 blue
24 yellow
25 blue
26 yellow
27 red
28 blue
29 yellow
30 red
31 red
32 red
33 yellow
34 red
35 blue
36 red
37 red
38 red
39 yellow
40 yellow
41 blue
42 yellow
43 yellow
44 yellow
45 yellow
46 blue
47 blue
48 blue
49 red
50 red
